2022 5 8
18 27 44
0 0
1 0
0 0
0 1
3 3
0 0
1 10000
3 1
0 0
0 10
1 3
0 0
0 100000
7 2
0 0
1 1
2 3
0 0
1 1000
7 3
0 0
1 10
2 1
1 0
1 1
5 0
0 0
1 0
2 2
0 0
0 1
7 1
0 0
1 10
0 1
0 0
0 10
0 2
0 0
1 1
4 0
0 0
1 0
1 2
0 0
0 1
2 0
0 0
1 100000
6 1
1 0
1 100
6 3
0 0
0 0
5 2
0 0
1 100
3 2
1 0
0 1
6 0
0 0
0 1
5 1
1 0
1 1
3 0
0 0
0 10000
1 1
0 0
0 100
4 3
0 0
0 100
7 0
1 0
0 1000
5 3
0 0
1 1000
0 3
0 0
1 1
0 0
0 0
0 1000
4 1
0 0
1 10000
6 2
0 0
0 10000
4 2
1 0
0 0
0 0
0 0
0 0
0 3
0 0
1 1 1 1 1 1 1 1 1 1 1 1 1 1 1 1 1 1 1 1 1 1 1 1 1 1 1 1 1 1 1 1 
0
0 0
0 1
4 2
4 2
3 2
0
0
122225 2
122225 2
0 0
1 0
0 0
0 1
3 3
0 0
1 10000
3 1
0 0
0 10
1 3
0 0
0 100000
7 2
0 0
1 1
2 3
0 0
1 1000
7 3
0 0
1 10
2 1
1 0
1 1
5 0
0 0
1 0
2 2
0 0
0 1
7 1
0 0
1 10
0 1
0 0
0 10
0 2
0 0
1 1
4 0
0 0
1 0
1 2
0 0
0 1
2 0
0 0
1 100000
6 1
1 0
1 100
6 3
0 0
0 0
5 2
0 0
1 100
3 2
1 0
0 1
6 0
0 0
0 1
5 1
1 0
1 1
3 0
0 0
0 10000
1 1
0 0
0 100
4 3
0 0
0 100
7 0
1 0
0 1000
5 3
0 0
1 1000
0 3
0 0
1 1
0 0
0 0
0 1000
4 1
0 0
1 10000
6 2
0 0
0 10000
4 2
0 0
0 0
0 0
0 0
0 0
0 3
0 0
1 1 1 1 1 1 1 1 1 1 1 1 1 1 1 1 1 1 1 1 1 1 1 1 1 1 1 1 1 1 1 1 
1
1 1
0 1
4 2
4 2
3 2
1
0
122225 2
122225 2
