2022 5 8
18 15 35
0 1
2 3
0 0
1 1
2 0
0 0
0 1000
4 0
0 0
0 10000
7 1
0 0
1 1000
2 2
1 0
1 10000
0 0
0 0
0 100000
6 1
0 0
1 1
5 3
0 0
1 1000
6 0
0 0
0 0
1 1
0 0
1 10
0 2
0 0
0 1
0 3
0 0
1 1
6 2
0 0
0 1000
7 2
0 0
1 0
6 3
0 0
0 10
1 2
0 0
1 0
2 1
1 0
0 1
5 1
1 0
1 100
5 2
0 0
0 1
0 1
0 0
1 10000
7 0
0 0
0 10
4 2
1 0
0 1
5 0
0 0
0 100
1 0
0 0
0 100
3 0
0 0
1 1
3 1
1 0
1 100
3 3
1 0
0 0
1 3
0 0
1 1
7 3
0 0
0 10000
4 1
0 0
1 10
3 2
0 0
1 100000
4 3
1 0
0 0
0 3
0 0
0 0
0 0
0 0
1 1 1 1 1 1 1 1 1 1 1 1 1 1 1 1 1 1 1 1 1 1 1 1 1 1 1 1 1 1 1 1 
1
0 0
0 1
3 1
3 1
3 1
0
0
122225 2
122225 2
0 1
2 3
0 0
1 1
2 0
0 0
0 1000
4 0
0 0
0 10000
7 1
0 0
1 1000
2 2
1 0
1 10000
0 0
0 0
0 100000
6 1
0 0
1 1
5 3
0 0
1 1000
6 0
0 0
0 0
1 1
0 0
1 10
0 2
0 0
0 1
0 3
0 0
1 1
6 2
0 0
0 1000
7 2
0 0
1 0
6 3
0 0
0 10
1 2
0 0
1 0
2 1
1 0
0 1
5 1
1 0
1 100
5 2
0 0
0 1
0 1
0 0
1 10000
7 0
0 0
0 10
4 2
1 0
0 1
5 0
0 0
0 100
1 0
0 0
0 100
3 0
0 0
1 1
3 1
0 0
1 100
3 3
1 0
0 0
1 3
0 0
1 1
7 3
0 0
0 10000
4 1
0 0
1 10
3 2
0 0
1 100000
4 3
1 0
0 0
0 3
0 0
0 0
0 0
0 0
1 1 1 1 1 1 1 1 1 1 1 1 1 1 1 1 1 1 1 1 1 1 1 1 1 1 1 1 1 1 1 1 
0
1 1
0 1
3 1
3 1
3 3
1
0
122225 2
122225 2
